|Q|:10 |P|:3 D:2 k:4
alo buceta
11708280419052534366208.000000 31273698374002594021376.000000 10869892564221056516096.000000 
20959117658234829144064.000000 5138111778870725181440.000000 11169312133646970257408.000000 
50652885728961442611200.000000 38733213098799578218496.000000 8509859429541073649664.000000 
41641912457732714135552.000000 28217307968889470058496.000000 6433765866467825287168.000000 
4492327961928117780480.000000 |Q|:10 |P|:3 D:2 k:4
11708280419052534366208.000000 31273698374002594021376.000000 10869892564221056516096.000000 
20959117658234829144064.000000 5138111778870725181440.000000 11169312133646970257408.000000 
50652885728961442611200.000000 38733213098799578218496.000000 8509859429541073649664.000000 
41641912457732714135552.000000 28217307968889470058496.000000 6433765866467825287168.000000 
4492327961928117780480.000000 1820999547079821885440.000000 23825949303232115245056.000000 
3422612149286800982016.000000 8243461941432900648960.000000 6259423643592965488640.000000 
16468132613420597903360.000000 |Q|:10 |P|:3 D:2 k:4
1820999547079821885440.000000 23825949303232115245056.000000 
3422612149286800982016.000000 8243461941432900648960.000000 6259423643592965488640.000000 
16468132613420597903360.000000 7848038012850423201792.000000 3784084847653415813120.000000 
11150329461217603616768.000000 6832864169396283637760.000000 3164659473429901082624.000000 
14353496681786359414784.000000 28479138244025535954944.000000 5121461408098383036416.000000 
30200188841625171001344.000000 33666159114849504722944.000000 2006385159190947561472.000000 
Q
79439388672.000000 206457290752.000000 
138058432512.000000 31712372736.000000 
4022116352.000000 31197212672.000000 
34507599872.000000 28105951232.000000 
214986113024.000000 111953371136.000000 
132199129088.000000 138039197696.000000 
108085157888.000000 64473980928.000000 
114771001344.000000 87862984704.000000 
61598277632.000000 175431106560.000000 
17018496000.000000 113141448704.000000 

P
181275869184.000000 169883910144.000000 
196199022592.000000 73638297600.000000 
60841308160.000000 103870726144.000000 
 ------------ VERIFICA KNN --------------- 
knn[0]: 31273698374002594021376.000000 11708280419052534366208.000000 10869892564221056516096.000000 0.000000 
knn[1]: 20959117658234829144064.000000 5138111778870725181440.000000 11169312133646970257408.000000 0.000000 
knn[2]: 50652885728961442611200.000000 38733213098799578218496.000000 8509859429541073649664.000000 0.000000 
knn[3]: 41641912457732714135552.000000 28217307968889470058496.000000 6433765866467825287168.000000 0.000000 
knn[4]: 23825949303232115245056.000000 1820999547079821885440.000000 4492327961928117780480.000000 0.000000 
knn[5]: 8243461941432900648960.000000 3422612149286800982016.000000 6259423643592965488640.000000 0.000000 
knn[6]: 16468132613420597903360.000000 7848038012850423201792.000000 3784084847653415813120.000000 0.000000 
knn[7]: 11150329461217603616768.000000 6832864169396283637760.000000 3164659473429901082624.000000 0.000000 
knn[8]: 28479138244025535954944.000000 14353496681786359414784.000000 5121461408098383036416.000000 0.000000 
knn[9]: 33666159114849504722944.000000 30200188841625171001344.000000 2006385159190947561472.000000 0.000000 
7848038012850423201792.000000 3784084847653415813120.000000 
11150329461217603616768.000000 6832864169396283637760.000000 3164659473429901082624.000000 
14353496681786359414784.000000 28479138244025535954944.000000 5121461408098383036416.000000 
30200188841625171001344.000000 33666159114849504722944.000000 2006385159190947561472.000000 
Q
79439388672.000000 206457290752.000000 
138058432512.000000 31712372736.000000 
4022116352.000000 31197212672.000000 
34507599872.000000 28105951232.000000 
214986113024.000000 111953371136.000000 
132199129088.000000 138039197696.000000 
108085157888.000000 64473980928.000000 
114771001344.000000 87862984704.000000 
61598277632.000000 175431106560.000000 
17018496000.000000 113141448704.000000 

P
181275869184.000000 169883910144.000000 
196199022592.000000 73638297600.000000 
60841308160.000000 103870726144.000000 
 ------------ VERIFICA KNN --------------- 
knn[0]: 31273698374002594021376.000000 11708280419052534366208.000000 10869892564221056516096.000000 0.000000 
knn[1]: 20959117658234829144064.000000 5138111778870725181440.000000 11169312133646970257408.000000 0.000000 
knn[2]: 50652885728961442611200.000000 38733213098799578218496.000000 8509859429541073649664.000000 0.000000 
knn[3]: 41641912457732714135552.000000 28217307968889470058496.000000 6433765866467825287168.000000 0.000000 
knn[4]: 23825949303232115245056.000000 1820999547079821885440.000000 4492327961928117780480.000000 0.000000 
knn[5]: 8243461941432900648960.000000 3422612149286800982016.000000 6259423643592965488640.000000 0.000000 
knn[6]: 16468132613420597903360.000000 7848038012850423201792.000000 3784084847653415813120.000000 0.000000 
knn[7]: 11150329461217603616768.000000 6832864169396283637760.000000 3164659473429901082624.000000 0.000000 
knn[8]: 28479138244025535954944.000000 14353496681786359414784.000000 5121461408098383036416.000000 0.000000 
knn[9]: 33666159114849504722944.000000 30200188841625171001344.000000 2006385159190947561472.000000 0.000000 
|Q|:10 |P|:3 D:2 k:4
11708280419052534366208.000000 31273698374002594021376.000000 10869892564221056516096.000000 
20959117658234829144064.000000 5138111778870725181440.000000 11169312133646970257408.000000 
50652885728961442611200.000000 38733213098799578218496.000000 8509859429541073649664.000000 
41641912457732714135552.000000 28217307968889470058496.000000 6433765866467825287168.000000 
4492327961928117780480.000000 1820999547079821885440.000000 23825949303232115245056.000000 
3422612149286800982016.000000 8243461941432900648960.000000 6259423643592965488640.000000 
16468132613420597903360.000000 7848038012850423201792.000000 3784084847653415813120.000000 
11150329461217603616768.000000 6832864169396283637760.000000 3164659473429901082624.000000 
14353496681786359414784.000000 28479138244025535954944.000000 5121461408098383036416.000000 
30200188841625171001344.000000 33666159114849504722944.000000 2006385159190947561472.000000 
Q
79439388672.000000 206457290752.000000 
138058432512.000000 31712372736.000000 
4022116352.000000 31197212672.000000 
34507599872.000000 28105951232.000000 
214986113024.000000 111953371136.000000 
132199129088.000000 138039197696.000000 
108085157888.000000 64473980928.000000 
114771001344.000000 87862984704.000000 
61598277632.000000 175431106560.000000 
17018496000.000000 113141448704.000000 

P
181275869184.000000 169883910144.000000 
196199022592.000000 73638297600.000000 
60841308160.000000 103870726144.000000 
 ------------ VERIFICA KNN --------------- 
knn[0]: 31273698374002594021376.000000 11708280419052534366208.000000 10869892564221056516096.000000 0.000000 
knn[1]: 20959117658234829144064.000000 5138111778870725181440.000000 11169312133646970257408.000000 0.000000 
knn[2]: 50652885728961442611200.000000 38733213098799578218496.000000 8509859429541073649664.000000 0.000000 
knn[3]: 41641912457732714135552.000000 28217307968889470058496.000000 6433765866467825287168.000000 0.000000 
knn[4]: 23825949303232115245056.000000 1820999547079821885440.000000 4492327961928117780480.000000 0.000000 
knn[5]: 8243461941432900648960.000000 3422612149286800982016.000000 6259423643592965488640.000000 0.000000 
knn[6]: 16468132613420597903360.000000 7848038012850423201792.000000 3784084847653415813120.000000 0.000000 
knn[7]: 11150329461217603616768.000000 6832864169396283637760.000000 3164659473429901082624.000000 0.000000 
knn[8]: 28479138244025535954944.000000 14353496681786359414784.000000 5121461408098383036416.000000 0.000000 
knn[9]: 33666159114849504722944.000000 30200188841625171001344.000000 2006385159190947561472.000000 0.000000 
|Q|:10 |P|:3 D:2 k:4
11708280419052534366208.000000 31273698374002594021376.000000 10869892564221056516096.000000 
20959117658234829144064.000000 5138111778870725181440.000000 11169312133646970257408.000000 
50652885728961442611200.000000 38733213098799578218496.000000 8509859429541073649664.000000 
41641912457732714135552.000000 28217307968889470058496.000000 6433765866467825287168.000000 
4492327961928117780480.000000 1820999547079821885440.000000 23825949303232115245056.000000 
3422612149286800982016.000000 8243461941432900648960.000000 6259423643592965488640.000000 
16468132613420597903360.000000 7848038012850423201792.000000 3784084847653415813120.000000 
11150329461217603616768.000000 6832864169396283637760.000000 3164659473429901082624.000000 
14353496681786359414784.000000 28479138244025535954944.000000 5121461408098383036416.000000 
30200188841625171001344.000000 33666159114849504722944.000000 2006385159190947561472.000000 
Q
79439388672.000000 206457290752.000000 
138058432512.000000 31712372736.000000 
4022116352.000000 31197212672.000000 
34507599872.000000 28105951232.000000 
214986113024.000000 111953371136.000000 
132199129088.000000 138039197696.000000 
108085157888.000000 64473980928.000000 
114771001344.000000 87862984704.000000 
61598277632.000000 175431106560.000000 
17018496000.000000 113141448704.000000 

P
181275869184.000000 169883910144.000000 
196199022592.000000 73638297600.000000 
60841308160.000000 103870726144.000000 
 ------------ VERIFICA KNN --------------- 
knn[0]: 31273698374002594021376.000000 11708280419052534366208.000000 10869892564221056516096.000000 0.000000 
knn[1]: 20959117658234829144064.000000 5138111778870725181440.000000 11169312133646970257408.000000 0.000000 
knn[2]: 50652885728961442611200.000000 38733213098799578218496.000000 8509859429541073649664.000000 0.000000 
knn[3]: 41641912457732714135552.000000 28217307968889470058496.000000 6433765866467825287168.000000 0.000000 
knn[4]: 23825949303232115245056.000000 1820999547079821885440.000000 4492327961928117780480.000000 0.000000 
knn[5]: 8243461941432900648960.000000 3422612149286800982016.000000 6259423643592965488640.000000 0.000000 
knn[6]: 16468132613420597903360.000000 7848038012850423201792.000000 3784084847653415813120.000000 0.000000 
knn[7]: 11150329461217603616768.000000 6832864169396283637760.000000 3164659473429901082624.000000 0.000000 
knn[8]: 28479138244025535954944.000000 14353496681786359414784.000000 5121461408098383036416.000000 0.000000 
knn[9]: 33666159114849504722944.000000 30200188841625171001344.000000 2006385159190947561472.000000 0.000000 
11708280419052534366208.000000 31273698374002594021376.000000 10869892564221056516096.000000 
20959117658234829144064.000000 5138111778870725181440.000000 11169312133646970257408.000000 
50652885728961442611200.000000 38733213098799578218496.000000 8509859429541073649664.000000 
41641912457732714135552.000000 28217307968889470058496.000000 6433765866467825287168.000000 
4492327961928117780480.000000 1820999547079821885440.000000 23825949303232115245056.000000 
3422612149286800982016.000000 8243461941432900648960.000000 6259423643592965488640.000000 
16468132613420597903360.000000 7848038012850423201792.000000 3784084847653415813120.000000 
11150329461217603616768.000000 6832864169396283637760.000000 3164659473429901082624.000000 
14353496681786359414784.000000 28479138244025535954944.000000 5121461408098383036416.000000 
30200188841625171001344.000000 33666159114849504722944.000000 2006385159190947561472.000000 
Q
79439388672.000000 206457290752.000000 |Q|:10 |P|:3 D:2 k:4
11708280419052534366208.000000 31273698374002594021376.000000 
138058432512.000000 31712372736.000000 
4022116352.000000 31197212672.000000 
34507599872.000000 28105951232.000000 
214986113024.000000 111953371136.000000 
132199129088.000000 138039197696.000000 
108085157888.000000 64473980928.000000 
114771001344.000000 87862984704.000000 
61598277632.000000 175431106560.000000 
17018496000.000000 113141448704.000000 

P
181275869184.000000 169883910144.000000 
196199022592.000000 73638297600.000000 
60841308160.000000 103870726144.000000 
 ------------ VERIFICA KNN --------------- 
knn[0]: 31273698374002594021376.000000 11708280419052534366208.000000 10869892564221056516096.000000 0.000000 
knn[1]: 20959117658234829144064.000000 5138111778870725181440.000000 11169312133646970257408.000000 0.000000 
knn[2]: 50652885728961442611200.000000 38733213098799578218496.000000 8509859429541073649664.000000 0.000000 
knn[3]: 41641912457732714135552.000000 28217307968889470058496.000000 6433765866467825287168.000000 0.000000 
knn[4]: 23825949303232115245056.000000 1820999547079821885440.000000 4492327961928117780480.000000 0.000000 
knn[5]: 8243461941432900648960.000000 3422612149286800982016.000000 6259423643592965488640.000000 0.000000 
knn[6]: 16468132613420597903360.000000 7848038012850423201792.000000 3784084847653415813120.000000 0.000000 
knn[7]: 11150329461217603616768.000000 6832864169396283637760.000000 3164659473429901082624.000000 0.000000 
knn[8]: 28479138244025535954944.000000 14353496681786359414784.000000 5121461408098383036416.000000 0.000000 
knn[9]: 33666159114849504722944.000000 30200188841625171001344.000000 2006385159190947561472.000000 0.000000 
10869892564221056516096.000000 
20959117658234829144064.000000 5138111778870725181440.000000 11169312133646970257408.000000 
50652885728961442611200.000000 38733213098799578218496.000000 8509859429541073649664.000000 
41641912457732714135552.000000 28217307968889470058496.000000 6433765866467825287168.000000 
4492327961928117780480.000000 1820999547079821885440.000000 23825949303232115245056.000000 
3422612149286800982016.000000 8243461941432900648960.000000 6259423643592965488640.000000 
16468132613420597903360.000000 7848038012850423201792.000000 3784084847653415813120.000000 
11150329461217603616768.000000 6832864169396283637760.000000 3164659473429901082624.000000 
14353496681786359414784.000000 28479138244025535954944.000000 5121461408098383036416.000000 
30200188841625171001344.000000 33666159114849504722944.000000 2006385159190947561472.000000 
Q
79439388672.000000 206457290752.000000 
138058432512.000000 31712372736.000000 
4022116352.000000 31197212672.000000 
34507599872.000000 28105951232.000000 
214986113024.000000 111953371136.000000 
132199129088.000000 138039197696.000000 
108085157888.000000 64473980928.000000 
114771001344.000000 87862984704.000000 
61598277632.000000 175431106560.000000 
17018496000.000000 113141448704.000000 

P
181275869184.000000 169883910144.000000 
196199022592.000000 73638297600.000000 
60841308160.000000 103870726144.000000 
 ------------ VERIFICA KNN --------------- 
knn[0]: 31273698374002594021376.000000 11708280419052534366208.000000 10869892564221056516096.000000 0.000000 
knn[1]: 20959117658234829144064.000000 5138111778870725181440.000000 11169312133646970257408.000000 0.000000 
knn[2]: 50652885728961442611200.000000 38733213098799578218496.000000 8509859429541073649664.000000 0.000000 
knn[3]: 41641912457732714135552.000000 28217307968889470058496.000000 6433765866467825287168.000000 0.000000 
knn[4]: 23825949303232115245056.000000 1820999547079821885440.000000 4492327961928117780480.000000 0.000000 
|Q|:10 |P|:3 D:2 k:4
11708280419052534366208.000000 31273698374002594021376.000000 10869892564221056516096.000000 
20959117658234829144064.000000 5138111778870725181440.000000 11169312133646970257408.000000 
50652885728961442611200.000000 38733213098799578218496.000000 8509859429541073649664.000000 
41641912457732714135552.000000 28217307968889470058496.000000 6433765866467825287168.000000 
4492327961928117780480.000000 1820999547079821885440.000000 23825949303232115245056.000000 
3422612149286800982016.000000 8243461941432900648960.000000 6259423643592965488640.000000 
16468132613420597903360.000000 7848038012850423201792.000000 3784084847653415813120.000000 
11150329461217603616768.000000 6832864169396283637760.000000 3164659473429901082624.000000 
14353496681786359414784.000000 28479138244025535954944.000000 5121461408098383036416.000000 
30200188841625171001344.000000 33666159114849504722944.000000 2006385159190947561472.000000 
Q
79439388672.000000 206457290752.000000 
138058432512.000000 31712372736.000000 
4022116352.000000 31197212672.000000 
34507599872.000000 28105951232.000000 
214986113024.000000 111953371136.000000 
132199129088.000000 138039197696.000000 knn[5]: 8243461941432900648960.000000 3422612149286800982016.000000 6259423643592965488640.000000 
108085157888.000000 64473980928.000000 
114771001344.000000 87862984704.000000 
61598277632.000000 175431106560.000000 
17018496000.000000 113141448704.000000 

P
181275869184.000000 169883910144.000000 
196199022592.000000 73638297600.000000 
60841308160.000000 103870726144.000000 
 ------------ VERIFICA KNN --------------- 
knn[0]: 31273698374002594021376.000000 11708280419052534366208.000000 10869892564221056516096.000000 0.000000 
knn[1]: 20959117658234829144064.000000 5138111778870725181440.000000 11169312133646970257408.000000 0.000000 
knn[2]: 50652885728961442611200.000000 38733213098799578218496.000000 8509859429541073649664.000000 0.000000 
knn[3]: 41641912457732714135552.000000 28217307968889470058496.000000 6433765866467825287168.000000 0.000000 
knn[4]: 23825949303232115245056.000000 1820999547079821885440.000000 4492327961928117780480.000000 0.000000 
knn[5]: 8243461941432900648960.000000 3422612149286800982016.000000 6259423643592965488640.000000 0.000000 
knn[6]: 16468132613420597903360.000000 7848038012850423201792.000000 3784084847653415813120.000000 0.000000 
knn[7]: 11150329461217603616768.000000 6832864169396283637760.000000 3164659473429901082624.000000 0.000000 
knn[8]: 28479138244025535954944.000000 14353496681786359414784.000000 5121461408098383036416.000000 0.000000 
knn[9]: 33666159114849504722944.000000 30200188841625171001344.000000 2006385159190947561472.000000 0.000000 
0.000000 
knn[6]: 16468132613420597903360.000000 7848038012850423201792.000000 3784084847653415813120.000000 0.000000 
knn[7]: 11150329461217603616768.000000 6832864169396283637760.000000 3164659473429901082624.000000 0.000000 
knn[8]: 28479138244025535954944.000000 14353496681786359414784.000000 5121461408098383036416.000000 0.000000 
knn[9]: 33666159114849504722944.000000 30200188841625171001344.000000 2006385159190947561472.000000 0.000000 
|Q|:10 |P|:3 D:2 k:4
11708280419052534366208.000000 31273698374002594021376.000000 10869892564221056516096.000000 
20959117658234829144064.000000 5138111778870725181440.000000 11169312133646970257408.000000 
50652885728961442611200.000000 38733213098799578218496.000000 8509859429541073649664.000000 
41641912457732714135552.000000 28217307968889470058496.000000 6433765866467825287168.000000 
4492327961928117780480.000000 1820999547079821885440.000000 23825949303232115245056.000000 
3422612149286800982016.000000 8243461941432900648960.000000 6259423643592965488640.000000 
16468132613420597903360.000000 7848038012850423201792.000000 3784084847653415813120.000000 
11150329461217603616768.000000 6832864169396283637760.000000 3164659473429901082624.000000 
14353496681786359414784.000000 28479138244025535954944.000000 5121461408098383036416.000000 
30200188841625171001344.000000 33666159114849504722944.000000 2006385159190947561472.000000 
Q
79439388672.000000 206457290752.000000 
138058432512.000000 31712372736.000000 
4022116352.000000 31197212672.000000 
34507599872.000000 28105951232.000000 
214986113024.000000 111953371136.000000 
132199129088.000000 138039197696.000000 
108085157888.000000 64473980928.000000 
114771001344.000000 87862984704.000000 
61598277632.000000 175431106560.000000 
17018496000.000000 113141448704.000000 

P
181275869184.000000 169883910144.000000 
196199022592.000000 73638297600.000000 
60841308160.000000 103870726144.000000 
 ------------ VERIFICA KNN --------------- 
knn[0]: 31273698374002594021376.000000 11708280419052534366208.000000 10869892564221056516096.000000 0.000000 
knn[1]: 20959117658234829144064.000000 5138111778870725181440.000000 11169312133646970257408.000000 0.000000 
knn[2]: 50652885728961442611200.000000 38733213098799578218496.000000 8509859429541073649664.000000 0.000000 
knn[3]: 41641912457732714135552.000000 28217307968889470058496.000000 6433765866467825287168.000000 0.000000 
knn[4]: 23825949303232115245056.000000 1820999547079821885440.000000 4492327961928117780480.000000 0.000000 
knn[5]: 8243461941432900648960.000000 3422612149286800982016.000000 6259423643592965488640.000000 0.000000 
knn[6]: 16468132613420597903360.000000 7848038012850423201792.000000 3784084847653415813120.000000 0.000000 
knn[7]: 11150329461217603616768.000000 6832864169396283637760.000000 3164659473429901082624.000000 0.000000 
knn[8]: 28479138244025535954944.000000 14353496681786359414784.000000 5121461408098383036416.000000 0.000000 
knn[9]: 33666159114849504722944.000000 30200188841625171001344.000000 2006385159190947561472.000000 0.000000 
|Q|:10 |P|:3 D:2 k:4
11708280419052534366208.000000 31273698374002594021376.000000 10869892564221056516096.000000 
20959117658234829144064.000000 5138111778870725181440.000000 11169312133646970257408.000000 
50652885728961442611200.000000 38733213098799578218496.000000 8509859429541073649664.000000 
41641912457732714135552.000000 28217307968889470058496.000000 6433765866467825287168.000000 
4492327961928117780480.000000 1820999547079821885440.000000 23825949303232115245056.000000 
3422612149286800982016.000000 8243461941432900648960.000000 6259423643592965488640.000000 
16468132613420597903360.000000 7848038012850423201792.000000 3784084847653415813120.000000 
11150329461217603616768.000000 6832864169396283637760.000000 3164659473429901082624.000000 
14353496681786359414784.000000 28479138244025535954944.000000 5121461408098383036416.000000 
30200188841625171001344.000000 33666159114849504722944.000000 2006385159190947561472.000000 
Q
79439388672.000000 206457290752.000000 
138058432512.000000 31712372736.000000 
4022116352.000000 31197212672.000000 
34507599872.000000 28105951232.000000 
214986113024.000000 111953371136.000000 
132199129088.000000 138039197696.000000 
108085157888.000000 64473980928.000000 
114771001344.000000 87862984704.000000 
61598277632.000000 175431106560.000000 
17018496000.000000 113141448704.000000 

P
181275869184.000000 169883910144.000000 
196199022592.000000 73638297600.000000 
60841308160.000000 103870726144.000000 
 ------------ VERIFICA KNN --------------- 
knn[0]: 31273698374002594021376.000000 11708280419052534366208.000000 10869892564221056516096.000000 0.000000 
knn[1]: 20959117658234829144064.000000 5138111778870725181440.000000 11169312133646970257408.000000 0.000000 
knn[2]: 50652885728961442611200.000000 38733213098799578218496.000000 8509859429541073649664.000000 0.000000 
knn[3]: 41641912457732714135552.000000 28217307968889470058496.000000 6433765866467825287168.000000 0.000000 
knn[4]: 23825949303232115245056.000000 1820999547079821885440.000000 4492327961928117780480.000000 0.000000 
knn[5]: 8243461941432900648960.000000 3422612149286800982016.000000 6259423643592965488640.000000 0.000000 
knn[6]: 16468132613420597903360.000000 7848038012850423201792.000000 3784084847653415813120.000000 0.000000 
knn[7]: 11150329461217603616768.000000 6832864169396283637760.000000 3164659473429901082624.000000 0.000000 
knn[8]: 28479138244025535954944.000000 14353496681786359414784.000000 5121461408098383036416.000000 0.000000 
knn[9]: 33666159114849504722944.000000 30200188841625171001344.000000 2006385159190947561472.000000 0.000000 
|Q|:10 |P|:3 D:2 k:4
11708280419052534366208.000000 31273698374002594021376.000000 10869892564221056516096.000000 
20959117658234829144064.000000 5138111778870725181440.000000 11169312133646970257408.000000 
50652885728961442611200.000000 38733213098799578218496.000000 8509859429541073649664.000000 
41641912457732714135552.000000 28217307968889470058496.000000 6433765866467825287168.000000 
4492327961928117780480.000000 1820999547079821885440.000000 23825949303232115245056.000000 
3422612149286800982016.000000 8243461941432900648960.000000 6259423643592965488640.000000 
16468132613420597903360.000000 7848038012850423201792.000000 3784084847653415813120.000000 
11150329461217603616768.000000 6832864169396283637760.000000 3164659473429901082624.000000 
14353496681786359414784.000000 28479138244025535954944.000000 5121461408098383036416.000000 
30200188841625171001344.000000 33666159114849504722944.000000 2006385159190947561472.000000 
Q
79439388672.000000 206457290752.000000 
138058432512.000000 31712372736.000000 
4022116352.000000 31197212672.000000 
34507599872.000000 28105951232.000000 
214986113024.000000 111953371136.000000 
132199129088.000000 138039197696.000000 
108085157888.000000 64473980928.000000 
114771001344.000000 87862984704.000000 
61598277632.000000 175431106560.000000 
17018496000.000000 113141448704.000000 

P
181275869184.000000 169883910144.000000 
196199022592.000000 73638297600.000000 
60841308160.000000 103870726144.000000 
 ------------ VERIFICA KNN --------------- 
knn[0]: 31273698374002594021376.000000 11708280419052534366208.000000 10869892564221056516096.000000 0.000000 
knn[1]: 20959117658234829144064.000000 5138111778870725181440.000000 11169312133646970257408.000000 0.000000 
knn[2]: 50652885728961442611200.000000 38733213098799578218496.000000 8509859429541073649664.000000 0.000000 
knn[3]: 41641912457732714135552.000000 28217307968889470058496.000000 6433765866467825287168.000000 0.000000 
knn[4]: 23825949303232115245056.000000 1820999547079821885440.000000 4492327961928117780480.000000 0.000000 
knn[5]: 8243461941432900648960.000000 3422612149286800982016.000000 6259423643592965488640.000000 0.000000 
knn[6]: 16468132613420597903360.000000 7848038012850423201792.000000 3784084847653415813120.000000 0.000000 
knn[7]: 11150329461217603616768.000000 6832864169396283637760.000000 3164659473429901082624.000000 0.000000 
knn[8]: 28479138244025535954944.000000 14353496681786359414784.000000 5121461408098383036416.000000 0.000000 
knn[9]: 33666159114849504722944.000000 30200188841625171001344.000000 2006385159190947561472.000000 0.000000 
